# 53274 20.0 0.00000083 1.000003
0.040 0.000000000000
0.060 -0.000005190000
0.080 -0.000003860000
0.100 -0.000001800000
0.120 -0.000001430000
0.140 -0.000003640000
0.160 -0.000003260000
0.180 0.000013830000
0.200 0.000015430000
0.220 0.000017450000
0.240 0.000016900000
0.260 0.000016400000
0.280 0.000001340000
0.300 0.000013750000
0.320 -0.000002020000
0.340 0.000016210000
0.360 -0.000004280000
0.380 0.000018180000
0.400 0.000016790000
0.420 -0.000005300000
0.440 -0.000006470000
0.460 0.000016460000
0.480 -0.000004870000
0.500 -0.000004730000
0.520 -0.000005260000
0.540 0.000016600000
0.560 -0.000002500000
0.580 0.000014560000
0.600 -0.000001400000
0.620 -0.000003880000
0.640 0.000014130000
0.660 -0.000002820000
0.680 0.000014820000
0.700 0.000013230000
0.720 0.000013700000
0.740 0.000013240000
0.760 0.000014780000
0.780 0.000012850000
0.800 -0.000003520000
0.820 0.000016240000
0.840 0.000016410000
0.860 0.000000940000
0.880 -0.000000480000
0.900 0.000015660000
0.920 0.000017180000
0.940 0.000017770000
0.960 -0.000000050000
0.980 0.000016460000
1.000 0.000001770000
1.020 0.000000080000
1.040 -0.000001110000
1.060 -0.000000720000
1.080 0.000019160000
1.100 0.000000390000
1.120 0.000018330000
1.140 -0.000001050000
1.160 -0.000000900000
1.180 -0.000003120000
1.200 -0.000004720000
1.220 0.000019520000
1.240 0.000019390000
1.260 0.000019370000
1.280 -0.000003980000
1.300 -0.000004060000
1.320 -0.000004220000
1.340 0.000014170000
1.360 -0.000003640000
1.380 -0.000003000000
1.400 -0.000002220000
1.420 0.000016230000
1.440 0.000015230000
1.460 -0.000005630000
1.480 -0.000007210000
1.500 -0.000006330000
1.520 0.000018390000
1.540 0.000015070000
1.560 0.000014140000
1.580 0.000013770000
1.600 0.000014520000
1.620 0.000013990000
1.640 0.000014620000
1.660 -0.000008920000
1.680 0.000016840000
1.700 -0.000002910000
1.720 -0.000001670000
1.740 -0.000000990000
1.760 0.000012790000
1.780 0.000012440000
1.800 -0.000000610000
1.820 0.000012970000
1.840 0.000001680000
1.860 0.000011650000
1.880 0.000011630000
1.900 0.000010640000
1.920 -0.000002710000
1.940 -0.000005520000
1.960 -0.000001930000
1.980 -0.000003100000
2.000 0.000013690000
2.020 -0.000001830000
2.040 -0.000002660000
2.060 0.000015880000
2.080 -0.000002930000
2.100 -0.000002170000
2.120 -0.000001610000
2.140 -0.000000710000
2.160 0.000016730000
2.180 0.000016850000
2.200 -0.000000510000
2.220 -0.000002110000
2.240 0.000000370000
2.260 0.000002000000
2.280 0.000017780000
2.300 0.000017630000
2.320 0.000015640000
2.340 0.000017830000
2.360 -0.000002700000
2.380 -0.000002350000
2.400 0.000020310000
2.420 0.000001240000
2.440 0.000018020000
2.460 0.000017870000
2.480 0.000000760000
2.500 -0.000000740000
2.520 0.000019520000
2.540 0.000020080000
2.560 0.000003790000
2.580 0.000002990000
2.600 0.000020880000
2.620 0.000003900000
2.640 0.000002890000
2.660 0.000024060000
2.680 0.000022540000
2.700 0.000003470000
2.720 0.000022780000
2.740 0.000006270000
2.760 0.000022740000
2.780 0.000005590000
2.800 0.000024930000
2.820 0.000002300000
2.840 0.000003470000
2.860 0.000004230000
2.880 0.000025560000
2.900 0.000004120000
2.920 0.000029370000
2.940 0.000030710000
2.960 0.000007610000
